73
76
79
82
85
88
91
94
97
99
101
104
102
99
96
93
90
87
83
80
77
74
71
68
65
62
59
56
53
50
47
44
41
38
35
32
29
26
23
20
17
14
11
8
5
2
1441
1438
1435
1432
1429
1426
1423
1420
1417
1414
1411
1408
1405
1402
1399
1396
1393
1390
1387
1384
1381
1378
1375
1372
1369
1366
1363
1360
1357
1354
1351
1348
1345
1342
1339
1336
1333
1330
1327
1324
1321
1318
1315
1312
1309
1306
1303
1300
1297
1294
1291
1288
1285
1282
1279
1276
1273
1270
1267
1264
1261
1258
1255
1252
1249
1246
1243
1240
1237
1234
1231
1228
1225
1222
1219
1216
1213
1210
1207
1204
1201
1198
1195
1192
1189
1186
1183
1180
1177
1174
1171
1168
1165
1162
1159
1156
1153
1150
1146
1143
1139
1135
1132
1129
1126
1123
1120
1117
1114
1111
1108
1105
1102
1099
1096
1093
1090
1087
1084
1081
1078
1075
1072
1069
1066
1063
1060
1057
1054
1051
1048
1045
1042
1039
1036
1033
1030
1027
1024
1021
1018
1015
1012
1009
1006
1003
1000
997
994
991
988
985
982
979
976
973
970
967
964
961
958
955
952
949
946
943
940
937
934
931
928
925
921
918
915
912
912
913
912
912
911
910
909
910
912
913
914
914
914
914
913
912
911
910
908
906
903
900
897
893
890
886
882
878
874
870
866
862
858
854
850
846
842
838
834
830
826
822
818
814
810
806
802
798
794
790
786
782
778
774
770
766
762
758
754
750
746
742
738
734
730
726
722
718
714
710
706
702
698
694
690
686
682
678
674
670
666
662
658
654
650
646
642
638
634
630
626
622
618
614
610
606
602
598
594
590
586
582
578
574
570
566
562
558
554
550
546
542
538
534
530
526
522
518
514
510
506
502
498
494
490
492
495
498
502
506
510
514
518
522
526
530
534
538
542
546
550
554
558
562
566
570
574
578
582
586
590
594
598
602
606
610
614
618
622
626
630
634
638
642
646
650
654
658
662
666
670
674
678
682
686
688
686
683
680
677
674
670
666
662
658
654
650
646
642
638
634
630
626
622
618
614
610
606
602
598
594
590
586
582
578
574
570
566
562
558
554
550
546
542
538
534
530
526
522
518
514
510
506
502
498
494
490
486
482
478
474
470
466
462
458
454
450
446
442
438
434
430
426
422
418
414
410
406
402
398
394
390
386
382
378
374
370
366
362
358
354
350
346
342
338
334
330
326
322
318
314
310
306
302
298
294
290
286
282
278
274
270
266
262
258
254
250
246
242
238
234
230
226
222
218
214
210
206
202
198
196
200
204
208
212
216
220
224
228
232
236
240
244
248
252
256
260
264
268
272
276
280
284
288
292
296
300
304
308
312
316
320
324
328
332
336
340
344
348
352
356
360
364
368
372
376
380
384
387
390
393
396
400
404
408
412
416
420
424
428
432
436
440
443
446
449
452
455
458
461
464
467
470
472
475
478
481
484
487
490
493
496
499
502
505
508
511
513
514
515
516
518
520
522
524
526
528
530
532
533
533
533
533
533
533
533
533
533
533
533
533
533
532
532
532
532
532
532
531
530
529
528
527
526
524
522
520
518
515
512
509
506
503
500
497
494
491
488
485
482
479
476
473
470
467
464
461
458
455
452
449
446
443
440
437
434
431
428
425
422
419
416
413
410
407
404
401
398
395
392
389
386
383
380
377
374
371
368
365
362
359
356
353
350
347
344
341
338
335
332
329
326
323
320
317
314
311
308
305
302
299
296
293
290
287
284
281
278
275
272
269
266
263
260
257
254
251
248
245
242
239
236
233
230
227
224
221
218
215
212
209
206
203
200
197
194
191
188
185
182
179
176
173
170
167
164
161
158
155
152
149
146
143
140
137
134
131
128
125
122
119
116
113
110
107
104
101
98
95
92
89
86
83
80
77
74
71
68
65
62
59
56
53
50
47
44
41
38
35
32
29
26
23
20
17
14
11
8
5
2
1441
1438
1435
1432
1429
1426
1423
1420
1417
1414
1411
1408
1405
1402
1399
1396
1393
1390
1387
1384
1381
1378
1375
1372
1369
1366
1363
1360
1357
1354
1351
1348
1345
1342
1339
1336
1333
1330
1327
1324
1321
1318
1315
1312
1309
1306
1303
1300
1297
1294
1291
1288
1285
1282
1279
1276
1273
1270
1267
1264
1261
1258
1255
1252
1249
1246
1243
1240
1237
1234
1231
1228
1225
1222
1219
1216
1213
1210
1207
1204
1201
1198
1195
1192
1189
1186
1183
1180
1177
1174
1171
1168
1165
1162
1159
1156
1153
1150
1147
1144
1141
1138
1135
1132
1129
1126
1123
1120
1117
1114
1111
1108
1105
1102
1099
1096
1093
1090
1087
1084
1081
1078
1075
1072
1069
1066
1063
1060
1057
1054
1051
1048
1045
1042
1039
1036
1033
1030
1027
1024
1021
1018
1015
1012
1009
1006
1003
1000
997
994
991
988
985
982
979
976
973
970
967
964
961
958
955
952
949
946
943
940
937
934
931
928
925
922
919
916
913
910
907
904
901
898
895
892
889
886
883
880
877
874
871
868
865
862
859
856
853
850
847
844
841
838
835
832
829
826
823
820
817
814
811
808
805
802
799
796
793
790
787
784
781
778
775
772
769
766
763
760
757
754
751
748
745
742
739
736
733
730
727
724
721
718
715
712
709
706
703
700
697
694
691
688
685
682
679
676
673
670
667
664
661
658
655
652
649
646
643
640
637
634
631
628
625
622
619
616
613
610
607
604
601
598
595
592
589
586
583
580
577
574
571
568
565
562
559
556
553
550
547
544
541
538
535
532
529
526
523
520
517
514
511
508
505
502
499
496
493
490
487
484
481
478
475
472
469
466
463
460
457
454
451
448
445
442
439
436
433
430
427
424
421
418
415
412
409
406
403
400
397
394
391
388
385
382
379
376
373
370
367
364
361
358
355
352
349
346
343
340
337
334
331
328
325
322
319
316
313
310
307
304
301
298
295
292
289
286
283
280
277
274
271
268
265
262
259
256
253
250
247
244
241
238
235
232
229
226
223
220
217
214
211
208
205
202
199
196
193
190
187
184
181
178
175
172
169
166
163
160
157
154
151
148
145
142
139
136
133
130
127
124
121
118
115
112
109
106
103
100
97
94
91
88
85
82
79
76
73
70
67
64
61
58
55
52
49
47
48
51
54
58
61
64
66
69
73
77
81
85
88
91
95
99
103
107
111
115
118
122
126
130
134
138
142
145
149
152
155
158
161
164
167
170
174
178
181
184
188
192
196
200
204
208
212
216
220
224
228
232
236
240
244
248
252
256
260
264
268
272
276
280
284
288
292
296
300
304
308
312
316
320
324
328
332
336
340
344
348
352
356
360
364
368
372
376
380
384
388
392
396
400
404
407
410
413
416
416
416
418
417
415
413
411
408
405
402
399
396
393
390
387
384
381
378
375
372
369
366
363
359
356
353
349
346
343
340
337
334
331
328
325
322
319
317
315
313
311
309
308
308
310
313
316
320
324
328
332
336
340
344
348
352
356
360
364
368
372
376
380
384
383
382
380
378
376
374
372
370
368
366
363
360
357
354
351
348
345
342
339
336
333
330
327
324
321
318
315
312
309
306
303
300
297
294
292
290
288
286
283
280
277
274
271
268
265
262
259
256
253
250
247
244
241
238
235
232
229
226
223
220
217
214
211
208
205
202
199
196
193
190
187
184
181
178
175
172
169
166
163
160
157
154
151
148
145
142
139
136
133
130
127
124
121
118
117
121
125
129
133
137
141
145
149
152
155
157
159
161
163
164
164
162
159
156
153
150
147
144
141
138
135
132
129
126
123
120
117
114
111
108
105
102
99
96
93
89
85
82
79
76
73
70
67
64
61
58
55
52
49
46
43
40
37
34
31
28
25
25
25
26
27
28
31
34
37
40
43
46
49
52
55
58
61
64
67
70
73
76
79
83
87
91
95
99
103
107
111
115
119
123
127
131
135
139
143
147
151
155
159
163
167
171
175
179
183
187
191
195
199
203
207
211
215
219
223
227
231
235
239
243
247
251
255
259
263
267
271
275
279
283
287
291
295
299
303
307
311
315
319
323
327
331
335
339
343
347
351
355
359
363
367
371
375
379
383
386
389
392
396
400
404
408
412
416
420
424
428
432
436
440
444
448
452
456
460
464
466
465
463
460
457
454
451
448
445
442
439
436
433
430
427
424
421
418
415
412
409
406
403
400
397
394
391
388
385
382
379
376
373
370
367
364
361
358
355
352
349
346
343
340
337
334
331
328
325
322
319
316
313
310
307
304
301
298
295
292
289
286
283
280
277
274
271
268
265
262
259
256
254
256
259
263
267
271
275
279
283
287
291
295
299
303
307
311
315
319
323
327
331
335
339
343
347
351
355
359
363
367
371
375
379
383
387
390
394
398
402
406
410
414
418
422
426
430
433
433
431
428
425
422
419
416
413
410
407
404
401
398
395
392
389
386
383
380
377
374
371
368
365
362
359
356
353
350
347
344
341
338
335
332
329
326
323
320
317
314
311
308
305
302
299
296
293
290
287
284
281
278
275
272
269
266
263
260
257
254
251
248
245
242
239
236
233
230
227
224
221
218
215
212
209
206
203
200
197
194
191
188
185
182
179
176
173
170
167
164
161
158
155
152
149
146
143
140
137
134
131
128
125
122
119
116
113
110
107
104
101
98
95
92
89
86
83
81
80
83
86
89
93
97
101
104
107
110
113
117
120
124
127
130
133
136
139
142
145
148
151
154
157
160
163
166
169
173
177
181
185
188
191
194
197
200
203
206
209
212
215
218
221
224
227
230
233
232
231
229
227
225
223
221
218
215
212
209
206
203
200
197
194
191
188
185
182
179
176
173
170
167
164
161
158
155
152
149
146
143
140
137
134
131
128
125
122
119
116
113
110
107
104
101
98
95
92
89
86
83
80
77
74
71
68
65
62
59
56
53
50
47
44
41
38
35
32
29
26
23
20
17
14
11
8
5
2
1441
1438
1435
1432
1429
1426
1423
1420
1417
1414
1411
1408
1405
1402
1399
1396
1393
1390
1387
1384
1381
1378
1375
1372
1369
1366
1363
1360
1357
1354
1351
1348
1345
1342
1339
1336
1333
1330
1327
1324
1321
1318
1315
1312
1309
1306
1303
1300
1297
1294
1291
1288
1287
1290
1294
1298
1302
1306
1310
1314
1318
1322
1326
1330
1334
1338
1342
1346
1350
1354
1358
1362
1366
1370
1374
1378
1382
1386
1390
1394
1398
1402
1406
1410
1414
1418
1422
1426
1430
1434
1438
2
6
10
14
18
22
26
30
34
38
42
46
50
54
58
62
66
70
74
78
82
86
90
94
98
102
106
110
114
118
122
126
130
134
138
142
146
150
154
158
162
166
170
174
178
182
186
190
194
198
202
206
210
214
218
222
226
230
234
238
242
246
250
254
258
262
266
270
274
278
282
286
290
294
298
302
306
310
314
318
322
326
330
334
338
342
346
350
354
358
362
366
370
374
378
382
386
390
394
398
402
406
410
414
418
422
426
430
434
438
442
446
450
454
458
462
466
470
474
478
482
486
490
494
498
502
506
510
514
518
522
526
530
534
538
542
546
550
554
558
562
566
570
574
578
582
586
590
594
598
602
606
610
614
618
622
626
630
634
638
642
646
650
654
658
662
666
670
674
678
682
686
690
694
698
702
706
710
713
717
721
725
729
733
736
740
741
739
737
734
731
728
725
722
719
716
713
710
707
704
701
698
695
692
689
686
683
680
677
674
671
668
665
662
659
656
653
650
647
644
641
638
635
632
629
626
623
620
617
614
611
608
605
602
599
596
593
590
587
584
581
578
575
572
569
566
563
560
557
554
551
548
545
542
539
536
533
530
527
524
521
518
515
512
509
506
503
500
497
494
491
488
485
482
479
476
473
470
467
464
461
458
455
452
449
446
443
440
437
434
431
428
425
422
419
416
413
410
407
404
401
398
395
392
389
386
383
380
377
374
371
368
365
362
359
356
353
350
347
344
341
338
335
332
329
326
323
320
317
314
311
308
305
302
299
296
293
290
287
284
281
278
275
272
269
266
263
260
257
254
251
248
245
242
239
236
233
230
227
224
221
218
215
212
209
206
203
200
197
194
191
188
185
182
179
176
173
170
167
164
161
158
155
152
149
146
143
140
137
137
140
144
148
152
156
160
164
168
172
176
180
184
188
192
196
200
204
208
212
216
220
224
228
232
236
240
244
248
252
256
260
264
268
272
276
280
284
288
292
296
300
304
308
312
316
320
324
328
332
336
340
344
348
352
356
360
364
368
372
376
380
384
388
392
396
400
404
408
408
407
404
401
398
395
392
389
386
383
380
377
374
371
368
365
362
359
356
353
350
347
344
341
338
335
332
329
326
323
320
317
314
311
308
305
302
299
296
293
290
287
284
281
278
275
272
269
266
263
260
258
258
259
260
262
265
268
272
275
278
281
284
287
290
293
296
299
302
305
308
311
314
317
320
323
326
329
332
335
338
341
344
347
350
353
356
359
362
365
368
371
374
377
380
383
386
389
392
395
398
402
404
405
404
402
399
396
393
390
387
384
381
378
375
372
369
366
363
360
357
354
351
348
345
342
339
336
333
330
327
324
321
318
315
312
309
306
303
300
297
294
291
288
285
282
279
276
273
270
267
264
261
258
255
252
249
246
243
240
238
237
238
240
243
247
251
255
258
261
264
267
271
275
279
283
287
291
295
299
303
307
311
315
319
323
327
331
335
339
343
347
351
355
359
363
367
371
375
379
383
387
391
395
399
403
407
411
415
419
423
427
431
435
439
443
447
451
455
459
463
467
471
475
479
483
487
491
495
499
503
507
511
515
519
523
527
531
535
539
543
547
551
555
559
563
567
571
575
579
583
587
591
595
599
603
607
611
615
619
623
627
631
635
639
643
647
651
655
659
663
667
671
675
679
683
687
691
695
699
703
707
711
715
719
723
727
731
735
739
743
747
751
755
759
763
767
771
775
779
783
787
791
795
799
803
807
811
815
819
823
827
831
835
839
843
847
845
842
839
836
833
830
827
824
821
818
815
812
809
806
803
800
797
794
791
788
785
782
779
776
773
770
767
764
761
758
755
752
749
746
743
740
737
734
731
728
725
722
719
716
713
710
707
704
701
698
695
692
689
686
683
680
677
674
671
668
665
662
659
656
653
650
647
644
641
638
635
632
629
626
623
620
617
614
611
608
605
602
599
596
593
590
587
584
581
578
575
572
569
566
563
560
557
554
551
548
545
542
539
536
533
530
527
524
521
518
515
512
509
506
503
500
497
494
491
488
485
482
479
476
473
470
467
464
461
458
455
452
449
446
443
440
437
434
431
428
425
422
419
416
413
410
407
404
401
398
395
392
389
386
383
380
377
374
371
368
365
362
359
356
353
350
347
344
341
338
335
332
329
326
323
320
317
314
311
308
305
302
299
296
294
296
299
302
305
308
311
315
318
322
326
329
332
335
338
341
344
347
350
353
356
359
362
365
368
371
374
377
380
383
387
391
394
397
400
404
407
410
413
416
419
422
425
428
431
435
439
442
441
438
435
432
429
426
423
420
417
414
411
408
405
402
399
396
393
390
387
384
381
378
375
372
369
366
363
360
357
354
351
348
345
342
339
336
333
330
327
324
321
318
315
312
309
306
303
300
297
294
291
288
285
282
279
276
273
270
267
264
261
258
255
252
249
246
244
246
249
251
254
258
261
264
267
270
273
276
279
282
285
288
291
294
297
300
303
306
309
312
315
318
321
324
327
330
333
336
339
342
345
348
351
354
357
360
363
366
369
373
376
379
382
385
388
391
394
397
400
403
405
407
408
407
405
402
399
396
393
390
387
384
381
378
375
372
369
366
363
360
357
354
351
348
345
342
339
336
333
330
327
325
324
324
325
326
326
329
332
335
338
342
345
348
351
354
357
360
363
366
369
372
371
369
367
364
361
358
355
352
349
346
343
340
337
334
331
328
325
322
321
321
321
320
320
319
318
316
314
311
308
305
302
299
296
293
290
287
284
281
278
275
272
269
266
263
260
257
254
251
248
245
242
239
236
233
230
227
224
221
218
215
212
209
206
203
200
197
194
191
188
185
182
179
176
173
170
167
164
161
158
155
152
149
146
143
140
137
134
131
128
125
122
119
116
113
110
107
104
101
98
95
92
89
86
83
80
77
74
71
68
65
62
59
56
53
50
47
44
41
38
35
32
29
26
23
20
17
14
11
8
5
2
1441
1438
1435
1432
1429
1426
1423
1420
1417
1414
1411
1408
1405
1404
1407
1410
1413
1416
1420
1423
1426
1429
1432
1435
1438
1
4
7
10
13
16
19
22
25
28
31
34
37
40
43
46
49
52
55
58
61
64
67
70
73
76
79
82
85
88
91
94
97
100
103
106
109
112
115
118
121
124
127
130
133
136
139
142
145
148
151
154
157
160
163
166
169
172
175
178
181
184
187
190
193
196
199
202
205
208
211
214
217
220
223
226
229
232
235
238
241
244
247
250
253
256
259
262
265
268
271
274
277
280
283
286
289
292
295
298
301
304
307
310
313
316
319
322
325
328
331
334
337
340
343
346
349
352
355
358
361
364
367
370
373
376
380
381
380
378
377
375
372
369
366
363
360
357
354
351
348
345
342
339
336
333
330
327
324
321
318
315
312
309
306
303
300
299
299
299
300
303
306
309
312
315
318
321
324
327
330
333
336
339
342
345
348
351
354
357
360
363
366
369
371
369
367
365
362
359
356
353
350
347
344
341
338
335
332
329
326
323
320
317
314
311
308
305
302
299
296
293
290
287
284
281
278
275
272
269
266
263
260
257
254
251
248
247
246
247
250
254
258
262
266
270
274
278
278
276
274
271
268
265
262
259
256
253
250
247
244
241
238
235
232
229
226
223
220
218
217
218
221
225
229
233
237
241
245
249
253
257
261
265
269
273
277
281
285
289
293
297
301
305
309
313
317
321
325
329
333
337
341
345
349
353
357
361
365
369
373
377
381
385
389
390
389
388
386
384
382
380
378
376
374
372
370
368
366
364
362
360
361
365
369
373
377
381
385
389
393
397
397
395
392
389
386
383
380
377
374
371
368
365
362
359
356
354
353
354
356
359
363
367
370
373
377
380
384
388
392
396
400
403
403
402
400
398
396
393
390
387
384
381
378
375
372
369
366
363
360
357
354
351
348
345
342
339
336
333
330
327
324
321
318
315
312
309
306
303
300
297
294
291
288
285
282
279
276
273
270
267
264
261
258
255
252
249
246
243
240
237
234
231
228
225
222
219
216
213
210
207
204
201
198
195
192
189
186
183
180
177
174
171
168
165
162
159
156
153
150
147
144
141
138
135
132
129
126
123
120
117
114
111
108
105
102
99
96
93
90
87
84
81
78
75
72
69
66
63
60
57
54
51
48
45
42
39
36
33
30
27
24
21
18
15
12
9
6
3
1440
1437
1434
1431
1428
1425
1422
1419
1416
1413
1410
1407
1404
1401
1398
1395
1392
1389
1386
1383
1380
1377
1374
1371
1368
1365
1362
1359
1356
1353
1350
1347
1344
1341
1338
1335
1332
1329
1326
1323
1320
1317
1314
1311
1308
1305
1302
1299
1296
